{
 "cells": [
  {
   "cell_type": "code",
   "execution_count": 1,
   "id": "48827396",
   "metadata": {},
   "outputs": [],
   "source": [
    "# Step 1: Import Libraries\n",
    "import pandas as pd\n",
    "from sklearn.model_selection import train_test_split\n",
    "from sklearn.naive_bayes import GaussianNB\n",
    "from sklearn.metrics import classification_report\n",
    "import matplotlib.pyplot as plt"
   ]
  },
  {
   "cell_type": "code",
   "execution_count": 2,
   "id": "03ab64db",
   "metadata": {},
   "outputs": [],
   "source": [
    "# Step 2: Load Data\n",
    "data = pd.read_csv('student_spending (1).csv')"
   ]
  },
  {
   "cell_type": "code",
   "execution_count": 3,
   "id": "4bda071a",
   "metadata": {},
   "outputs": [
    {
     "data": {
      "text/html": [
       "<style>#sk-container-id-1 {color: black;}#sk-container-id-1 pre{padding: 0;}#sk-container-id-1 div.sk-toggleable {background-color: white;}#sk-container-id-1 label.sk-toggleable__label {cursor: pointer;display: block;width: 100%;margin-bottom: 0;padding: 0.3em;box-sizing: border-box;text-align: center;}#sk-container-id-1 label.sk-toggleable__label-arrow:before {content: \"▸\";float: left;margin-right: 0.25em;color: #696969;}#sk-container-id-1 label.sk-toggleable__label-arrow:hover:before {color: black;}#sk-container-id-1 div.sk-estimator:hover label.sk-toggleable__label-arrow:before {color: black;}#sk-container-id-1 div.sk-toggleable__content {max-height: 0;max-width: 0;overflow: hidden;text-align: left;background-color: #f0f8ff;}#sk-container-id-1 div.sk-toggleable__content pre {margin: 0.2em;color: black;border-radius: 0.25em;background-color: #f0f8ff;}#sk-container-id-1 input.sk-toggleable__control:checked~div.sk-toggleable__content {max-height: 200px;max-width: 100%;overflow: auto;}#sk-container-id-1 input.sk-toggleable__control:checked~label.sk-toggleable__label-arrow:before {content: \"▾\";}#sk-container-id-1 div.sk-estimator input.sk-toggleable__control:checked~label.sk-toggleable__label {background-color: #d4ebff;}#sk-container-id-1 div.sk-label input.sk-toggleable__control:checked~label.sk-toggleable__label {background-color: #d4ebff;}#sk-container-id-1 input.sk-hidden--visually {border: 0;clip: rect(1px 1px 1px 1px);clip: rect(1px, 1px, 1px, 1px);height: 1px;margin: -1px;overflow: hidden;padding: 0;position: absolute;width: 1px;}#sk-container-id-1 div.sk-estimator {font-family: monospace;background-color: #f0f8ff;border: 1px dotted black;border-radius: 0.25em;box-sizing: border-box;margin-bottom: 0.5em;}#sk-container-id-1 div.sk-estimator:hover {background-color: #d4ebff;}#sk-container-id-1 div.sk-parallel-item::after {content: \"\";width: 100%;border-bottom: 1px solid gray;flex-grow: 1;}#sk-container-id-1 div.sk-label:hover label.sk-toggleable__label {background-color: #d4ebff;}#sk-container-id-1 div.sk-serial::before {content: \"\";position: absolute;border-left: 1px solid gray;box-sizing: border-box;top: 0;bottom: 0;left: 50%;z-index: 0;}#sk-container-id-1 div.sk-serial {display: flex;flex-direction: column;align-items: center;background-color: white;padding-right: 0.2em;padding-left: 0.2em;position: relative;}#sk-container-id-1 div.sk-item {position: relative;z-index: 1;}#sk-container-id-1 div.sk-parallel {display: flex;align-items: stretch;justify-content: center;background-color: white;position: relative;}#sk-container-id-1 div.sk-item::before, #sk-container-id-1 div.sk-parallel-item::before {content: \"\";position: absolute;border-left: 1px solid gray;box-sizing: border-box;top: 0;bottom: 0;left: 50%;z-index: -1;}#sk-container-id-1 div.sk-parallel-item {display: flex;flex-direction: column;z-index: 1;position: relative;background-color: white;}#sk-container-id-1 div.sk-parallel-item:first-child::after {align-self: flex-end;width: 50%;}#sk-container-id-1 div.sk-parallel-item:last-child::after {align-self: flex-start;width: 50%;}#sk-container-id-1 div.sk-parallel-item:only-child::after {width: 0;}#sk-container-id-1 div.sk-dashed-wrapped {border: 1px dashed gray;margin: 0 0.4em 0.5em 0.4em;box-sizing: border-box;padding-bottom: 0.4em;background-color: white;}#sk-container-id-1 div.sk-label label {font-family: monospace;font-weight: bold;display: inline-block;line-height: 1.2em;}#sk-container-id-1 div.sk-label-container {text-align: center;}#sk-container-id-1 div.sk-container {/* jupyter's `normalize.less` sets `[hidden] { display: none; }` but bootstrap.min.css set `[hidden] { display: none !important; }` so we also need the `!important` here to be able to override the default hidden behavior on the sphinx rendered scikit-learn.org. See: https://github.com/scikit-learn/scikit-learn/issues/21755 */display: inline-block !important;position: relative;}#sk-container-id-1 div.sk-text-repr-fallback {display: none;}</style><div id=\"sk-container-id-1\" class=\"sk-top-container\"><div class=\"sk-text-repr-fallback\"><pre>GaussianNB()</pre><b>In a Jupyter environment, please rerun this cell to show the HTML representation or trust the notebook. <br />On GitHub, the HTML representation is unable to render, please try loading this page with nbviewer.org.</b></div><div class=\"sk-container\" hidden><div class=\"sk-item\"><div class=\"sk-estimator sk-toggleable\"><input class=\"sk-toggleable__control sk-hidden--visually\" id=\"sk-estimator-id-1\" type=\"checkbox\" checked><label for=\"sk-estimator-id-1\" class=\"sk-toggleable__label sk-toggleable__label-arrow\">GaussianNB</label><div class=\"sk-toggleable__content\"><pre>GaussianNB()</pre></div></div></div></div></div>"
      ],
      "text/plain": [
       "GaussianNB()"
      ]
     },
     "execution_count": 3,
     "metadata": {},
     "output_type": "execute_result"
    }
   ],
   "source": [
    "# Step 3: Data Preprocessing\n",
    "# Encode categorical variables\n",
    "X = pd.get_dummies(data.drop(columns=['preferred_payment_method']), drop_first=True)\n",
    "y = data['preferred_payment_method']\n",
    "\n",
    "# Step 4: Train-Test Split\n",
    "X_train, X_test, y_train, y_test = train_test_split(X, y, test_size=0.2, random_state=42)\n",
    "\n",
    "# Step 5: Model Training\n",
    "model = GaussianNB()\n",
    "model.fit(X_train, y_train)"
   ]
  },
  {
   "cell_type": "code",
   "execution_count": 4,
   "id": "d53be1ad",
   "metadata": {},
   "outputs": [
    {
     "name": "stdout",
     "output_type": "stream",
     "text": [
      "Classification Report:\n",
      "                    precision    recall  f1-score   support\n",
      "\n",
      "              Cash       0.31      0.29      0.30        59\n",
      " Credit/Debit Card       0.37      0.34      0.35        74\n",
      "Mobile Payment App       0.27      0.31      0.29        67\n",
      "\n",
      "          accuracy                           0.32       200\n",
      "         macro avg       0.32      0.31      0.31       200\n",
      "      weighted avg       0.32      0.32      0.32       200\n",
      "\n"
     ]
    }
   ],
   "source": [
    "# Step 6: Model Evaluation\n",
    "y_pred = model.predict(X_test)\n",
    "print(\"Classification Report:\")\n",
    "print(classification_report(y_test, y_pred))"
   ]
  },
  {
   "cell_type": "code",
   "execution_count": 5,
   "id": "aa11a5a0",
   "metadata": {},
   "outputs": [
    {
     "name": "stdout",
     "output_type": "stream",
     "text": [
      "Probabilities for each class:\n",
      "         Cash  Credit/Debit Card  Mobile Payment App\n",
      "0    0.344465           0.288025            0.367509\n",
      "1    0.146831           0.316620            0.536550\n",
      "2    0.170059           0.465820            0.364120\n",
      "3    0.263869           0.335908            0.400222\n",
      "4    0.311036           0.325787            0.363177\n",
      "..        ...                ...                 ...\n",
      "195  0.224062           0.246552            0.529387\n",
      "196  0.364502           0.276125            0.359373\n",
      "197  0.573725           0.253220            0.173055\n",
      "198  0.213387           0.333936            0.452677\n",
      "199  0.208769           0.566749            0.224482\n",
      "\n",
      "[200 rows x 3 columns]\n"
     ]
    }
   ],
   "source": [
    "# Step 6: Model Evaluation\n",
    "# Predict probabilities\n",
    "probabilities = model.predict_proba(X_test)\n",
    "\n",
    "# Step 6: Model Evaluation\n",
    "# Predict probabilities\n",
    "probabilities = model.predict_proba(X_test)\n",
    "\n",
    "# Convert probabilities to DataFrame\n",
    "prob_df = pd.DataFrame(probabilities, columns=model.classes_)\n",
    "\n",
    "# Display probabilities\n",
    "print(\"Probabilities for each class:\")\n",
    "print(prob_df)"
   ]
  },
  {
   "cell_type": "code",
   "execution_count": 6,
   "id": "0a558a14",
   "metadata": {},
   "outputs": [
    {
     "name": "stdout",
     "output_type": "stream",
     "text": [
      "\n",
      "Predicted labels:\n",
      "                 Actual           Predicted\n",
      "521                Cash  Mobile Payment App\n",
      "737   Credit/Debit Card  Mobile Payment App\n",
      "740   Credit/Debit Card   Credit/Debit Card\n",
      "660                Cash  Mobile Payment App\n",
      "411                Cash  Mobile Payment App\n",
      "..                  ...                 ...\n",
      "408                Cash  Mobile Payment App\n",
      "332  Mobile Payment App                Cash\n",
      "208   Credit/Debit Card                Cash\n",
      "613                Cash  Mobile Payment App\n",
      "78                 Cash   Credit/Debit Card\n",
      "\n",
      "[200 rows x 2 columns]\n"
     ]
    }
   ],
   "source": [
    "# Predict class labels\n",
    "predicted_labels = model.predict(X_test)\n",
    "\n",
    "# Convert predicted labels to DataFrame\n",
    "result_df = pd.DataFrame({'Actual': y_test, 'Predicted': predicted_labels})\n",
    "\n",
    "# Display prediction results\n",
    "print(\"\\nPredicted labels:\")\n",
    "print(result_df)"
   ]
  },
  {
   "cell_type": "code",
   "execution_count": 7,
   "id": "7191263e",
   "metadata": {},
   "outputs": [
    {
     "name": "stdout",
     "output_type": "stream",
     "text": [
      "Probabilities for each class:\n",
      "[[0.34446539 0.28802547 0.36750914]\n",
      " [0.14683057 0.31661989 0.53654955]\n",
      " [0.17005944 0.46582046 0.3641201 ]\n",
      " [0.2638695  0.3359081  0.40022241]\n",
      " [0.31103585 0.32578676 0.36317739]\n",
      " [0.24882968 0.23388905 0.51728126]\n",
      " [0.38863097 0.39112139 0.22024764]\n",
      " [0.20661046 0.28696232 0.50642722]\n",
      " [0.44254943 0.20220715 0.35524341]\n",
      " [0.54221898 0.26556328 0.19221774]\n",
      " [0.31160699 0.19356142 0.49483159]\n",
      " [0.60533409 0.25753698 0.13712893]\n",
      " [0.23606572 0.49926586 0.26466841]\n",
      " [0.30525515 0.30527184 0.38947301]\n",
      " [0.38418192 0.21623564 0.39958244]\n",
      " [0.2927565  0.31131272 0.39593079]\n",
      " [0.30569887 0.42407903 0.2702221 ]\n",
      " [0.33737362 0.13805066 0.52457572]\n",
      " [0.40140129 0.39534936 0.20324935]\n",
      " [0.4851388  0.17123741 0.34362379]\n",
      " [0.46080832 0.30754642 0.23164526]\n",
      " [0.14408385 0.41871506 0.43720108]\n",
      " [0.1702453  0.55111164 0.27864306]\n",
      " [0.19215434 0.35029322 0.45755244]\n",
      " [0.28258981 0.31670031 0.40070988]\n",
      " [0.16577584 0.42196988 0.41225428]\n",
      " [0.15077876 0.48797334 0.36124791]\n",
      " [0.23871994 0.39998315 0.36129691]\n",
      " [0.27508675 0.30558592 0.41932733]\n",
      " [0.4142723  0.29763911 0.28808859]\n",
      " [0.40900017 0.30641002 0.28458981]\n",
      " [0.43417051 0.1873376  0.37849189]\n",
      " [0.28275755 0.44700637 0.27023608]\n",
      " [0.41135035 0.3832421  0.20540756]\n",
      " [0.23304835 0.51194029 0.25501136]\n",
      " [0.17896625 0.52376992 0.29726383]\n",
      " [0.34182983 0.4318563  0.22631387]\n",
      " [0.72907519 0.14828741 0.1226374 ]\n",
      " [0.21938911 0.55641361 0.22419727]\n",
      " [0.19191505 0.28468413 0.52340082]\n",
      " [0.47661464 0.15716868 0.36621668]\n",
      " [0.31123583 0.3811584  0.30760577]\n",
      " [0.48408567 0.27250151 0.24341282]\n",
      " [0.27431587 0.44872466 0.27695947]\n",
      " [0.46901017 0.3269487  0.20404113]\n",
      " [0.28198675 0.40217377 0.31583948]\n",
      " [0.20047372 0.5594069  0.24011939]\n",
      " [0.34882436 0.3064682  0.34470744]\n",
      " [0.2115199  0.30209409 0.48638601]\n",
      " [0.43678299 0.27470427 0.28851274]\n",
      " [0.45285009 0.1544817  0.39266821]\n",
      " [0.43709306 0.18916251 0.37374443]\n",
      " [0.23623195 0.22544834 0.5383197 ]\n",
      " [0.25786129 0.28996296 0.45217575]\n",
      " [0.24233308 0.46221819 0.29544873]\n",
      " [0.33524403 0.47811804 0.18663793]\n",
      " [0.36748509 0.32008412 0.31243079]\n",
      " [0.27605138 0.3148993  0.40904933]\n",
      " [0.22280863 0.46859543 0.30859594]\n",
      " [0.40680491 0.28173714 0.31145795]\n",
      " [0.4049297  0.25050282 0.34456748]\n",
      " [0.18434244 0.39676815 0.41888941]\n",
      " [0.14865811 0.29154251 0.55979937]\n",
      " [0.15118496 0.41513621 0.43367883]\n",
      " [0.27980538 0.36133376 0.35886086]\n",
      " [0.32684817 0.27395384 0.39919799]\n",
      " [0.1721538  0.52870644 0.29913976]\n",
      " [0.18573192 0.37801418 0.4362539 ]\n",
      " [0.31629186 0.40109814 0.28261   ]\n",
      " [0.21620417 0.51378915 0.27000668]\n",
      " [0.36174425 0.36987544 0.26838032]\n",
      " [0.12293136 0.27067313 0.60639551]\n",
      " [0.17161261 0.57344756 0.25493983]\n",
      " [0.20577623 0.430402   0.36382177]\n",
      " [0.39282426 0.1782962  0.42887954]\n",
      " [0.23548966 0.48460136 0.27990898]\n",
      " [0.27371908 0.37587102 0.35040989]\n",
      " [0.2745416  0.33418111 0.3912773 ]\n",
      " [0.53959788 0.28473605 0.17566608]\n",
      " [0.13868183 0.50211633 0.35920184]\n",
      " [0.23796022 0.42089503 0.34114476]\n",
      " [0.25984979 0.3984445  0.34170571]\n",
      " [0.16438689 0.52173416 0.31387895]\n",
      " [0.30050974 0.35837639 0.34111386]\n",
      " [0.23730787 0.46821898 0.29447315]\n",
      " [0.17479032 0.41216051 0.41304917]\n",
      " [0.19953822 0.54728189 0.2531799 ]\n",
      " [0.5095167  0.33018331 0.1603    ]\n",
      " [0.1467061  0.60976633 0.24352757]\n",
      " [0.22340887 0.43213844 0.34445269]\n",
      " [0.2419108  0.38512632 0.37296288]\n",
      " [0.15020516 0.36387775 0.48591709]\n",
      " [0.29622956 0.48019181 0.22357863]\n",
      " [0.56899798 0.18895003 0.242052  ]\n",
      " [0.23341842 0.3527677  0.41381388]\n",
      " [0.47353543 0.25841398 0.2680506 ]\n",
      " [0.45007703 0.25842223 0.29150074]\n",
      " [0.22994524 0.29390374 0.47615102]\n",
      " [0.15256333 0.46477702 0.38265965]\n",
      " [0.21146331 0.31976844 0.46876825]\n",
      " [0.44407063 0.3720481  0.18388127]\n",
      " [0.24667549 0.29808025 0.45524426]\n",
      " [0.43361612 0.22267767 0.3437062 ]\n",
      " [0.17281685 0.40845994 0.41872322]\n",
      " [0.50031479 0.26406947 0.23561574]\n",
      " [0.33377127 0.32571309 0.34051563]\n",
      " [0.17237484 0.34920044 0.47842473]\n",
      " [0.17161743 0.39843962 0.42994295]\n",
      " [0.29241682 0.44631175 0.26127142]\n",
      " [0.49388213 0.22045579 0.28566208]\n",
      " [0.2883547  0.29086264 0.42078266]\n",
      " [0.19520286 0.25701903 0.54777811]\n",
      " [0.1589902  0.4861612  0.35484859]\n",
      " [0.25530612 0.20140974 0.54328414]\n",
      " [0.65590194 0.20405591 0.14004215]\n",
      " [0.57578696 0.16687941 0.25733364]\n",
      " [0.22048816 0.36838443 0.41112741]\n",
      " [0.34757481 0.43246346 0.21996173]\n",
      " [0.18834675 0.47957489 0.33207836]\n",
      " [0.14414273 0.4267975  0.42905977]\n",
      " [0.23879376 0.33131787 0.42988838]\n",
      " [0.28495075 0.34625599 0.36879326]\n",
      " [0.35604753 0.26991395 0.37403852]\n",
      " [0.41028298 0.26481232 0.3249047 ]\n",
      " [0.19392664 0.5104767  0.29559667]\n",
      " [0.33480335 0.37194646 0.29325019]\n",
      " [0.47984164 0.30749876 0.2126596 ]\n",
      " [0.29483608 0.28249805 0.42266587]\n",
      " [0.57659323 0.19637102 0.22703575]\n",
      " [0.26707263 0.53048786 0.20243951]\n",
      " [0.34019199 0.25833226 0.40147575]\n",
      " [0.23439945 0.40709545 0.3585051 ]\n",
      " [0.27388199 0.39063332 0.33548469]\n",
      " [0.17121535 0.32852862 0.50025602]\n",
      " [0.16997047 0.31865665 0.51137288]\n",
      " [0.4471995  0.3253506  0.22744989]\n",
      " [0.36674602 0.31307794 0.32017604]\n",
      " [0.16515809 0.18811876 0.64672315]\n",
      " [0.29448161 0.34333924 0.36217915]\n",
      " [0.41986407 0.32010846 0.26002747]\n",
      " [0.23459635 0.35135336 0.41405029]\n",
      " [0.46731703 0.27160163 0.26108135]\n",
      " [0.18250862 0.44714465 0.37034673]\n",
      " [0.22516275 0.27702793 0.49780932]\n",
      " [0.30638158 0.38513319 0.30848524]\n",
      " [0.4359231  0.29442473 0.26965217]\n",
      " [0.36376426 0.40663247 0.22960327]\n",
      " [0.27601969 0.33359842 0.39038189]\n",
      " [0.1656691  0.23392527 0.60040564]\n",
      " [0.46984792 0.34544861 0.18470348]\n",
      " [0.21610207 0.27482097 0.50907696]\n",
      " [0.34166254 0.30892333 0.34941413]\n",
      " [0.2013554  0.30648914 0.49215546]\n",
      " [0.3372395  0.26955751 0.393203  ]\n",
      " [0.32238762 0.30089302 0.37671935]\n",
      " [0.1935176  0.33251268 0.47396972]\n",
      " [0.29890234 0.27649941 0.42459825]\n",
      " [0.10339299 0.4739412  0.4226658 ]\n",
      " [0.33187306 0.20990863 0.45821831]\n",
      " [0.31505227 0.29851049 0.38643724]\n",
      " [0.37157486 0.16262878 0.46579636]\n",
      " [0.4054695  0.16619042 0.42834008]\n",
      " [0.23195675 0.4228651  0.34517814]\n",
      " [0.26702303 0.35169527 0.38128171]\n",
      " [0.32895957 0.25706609 0.41397434]\n",
      " [0.38615087 0.25414029 0.35970884]\n",
      " [0.14800346 0.61626345 0.23573309]\n",
      " [0.45402655 0.16488007 0.38109338]\n",
      " [0.29509063 0.39833858 0.30657079]\n",
      " [0.20076486 0.3823957  0.41683944]\n",
      " [0.44802275 0.25593512 0.29604212]\n",
      " [0.43870673 0.31834721 0.24294605]\n",
      " [0.42554664 0.26290594 0.31154743]\n",
      " [0.38183861 0.32748333 0.29067807]\n",
      " [0.25530333 0.38682858 0.35786809]\n",
      " [0.31363084 0.35472862 0.33164054]\n",
      " [0.19784925 0.31227862 0.48987213]\n",
      " [0.37083032 0.24774752 0.38142216]\n",
      " [0.15862805 0.5224677  0.31890424]\n",
      " [0.47273151 0.31570945 0.21155904]\n",
      " [0.20710788 0.40403363 0.38885849]\n",
      " [0.53114663 0.21304078 0.25581259]\n",
      " [0.19036947 0.38668928 0.42294125]\n",
      " [0.40241046 0.41176393 0.18582562]\n",
      " [0.24544774 0.37554565 0.37900661]\n",
      " [0.34945734 0.30618005 0.34436262]\n",
      " [0.17238493 0.59847048 0.22914459]\n",
      " [0.3140391  0.37574382 0.31021709]\n",
      " [0.22655599 0.55555377 0.21789024]\n",
      " [0.43755467 0.32920612 0.23323922]\n",
      " [0.54424449 0.15331676 0.30243875]\n",
      " [0.22768796 0.18754603 0.58476601]\n",
      " [0.36997214 0.33465988 0.29536798]\n",
      " [0.33954661 0.35228267 0.30817072]\n",
      " [0.30409661 0.3456734  0.35022999]\n",
      " [0.22406158 0.24655152 0.5293869 ]\n",
      " [0.36450223 0.27612497 0.3593728 ]\n",
      " [0.57372484 0.25322036 0.1730548 ]\n",
      " [0.21338683 0.33393602 0.45267715]\n",
      " [0.20876864 0.56674919 0.22448216]]\n"
     ]
    }
   ],
   "source": [
    "# Display probabilities\n",
    "print(\"Probabilities for each class:\")\n",
    "print(probabilities)"
   ]
  },
  {
   "cell_type": "code",
   "execution_count": 8,
   "id": "ab310818",
   "metadata": {},
   "outputs": [
    {
     "name": "stdout",
     "output_type": "stream",
     "text": [
      "Predicted labels:\n",
      "['Mobile Payment App' 'Mobile Payment App' 'Credit/Debit Card'\n",
      " 'Mobile Payment App' 'Mobile Payment App' 'Mobile Payment App'\n",
      " 'Credit/Debit Card' 'Mobile Payment App' 'Cash' 'Cash'\n",
      " 'Mobile Payment App' 'Cash' 'Credit/Debit Card' 'Mobile Payment App'\n",
      " 'Mobile Payment App' 'Mobile Payment App' 'Credit/Debit Card'\n",
      " 'Mobile Payment App' 'Cash' 'Cash' 'Cash' 'Mobile Payment App'\n",
      " 'Credit/Debit Card' 'Mobile Payment App' 'Mobile Payment App'\n",
      " 'Credit/Debit Card' 'Credit/Debit Card' 'Credit/Debit Card'\n",
      " 'Mobile Payment App' 'Cash' 'Cash' 'Cash' 'Credit/Debit Card' 'Cash'\n",
      " 'Credit/Debit Card' 'Credit/Debit Card' 'Credit/Debit Card' 'Cash'\n",
      " 'Credit/Debit Card' 'Mobile Payment App' 'Cash' 'Credit/Debit Card'\n",
      " 'Cash' 'Credit/Debit Card' 'Cash' 'Credit/Debit Card' 'Credit/Debit Card'\n",
      " 'Cash' 'Mobile Payment App' 'Cash' 'Cash' 'Cash' 'Mobile Payment App'\n",
      " 'Mobile Payment App' 'Credit/Debit Card' 'Credit/Debit Card' 'Cash'\n",
      " 'Mobile Payment App' 'Credit/Debit Card' 'Cash' 'Cash'\n",
      " 'Mobile Payment App' 'Mobile Payment App' 'Mobile Payment App'\n",
      " 'Credit/Debit Card' 'Mobile Payment App' 'Credit/Debit Card'\n",
      " 'Mobile Payment App' 'Credit/Debit Card' 'Credit/Debit Card'\n",
      " 'Credit/Debit Card' 'Mobile Payment App' 'Credit/Debit Card'\n",
      " 'Credit/Debit Card' 'Mobile Payment App' 'Credit/Debit Card'\n",
      " 'Credit/Debit Card' 'Mobile Payment App' 'Cash' 'Credit/Debit Card'\n",
      " 'Credit/Debit Card' 'Credit/Debit Card' 'Credit/Debit Card'\n",
      " 'Credit/Debit Card' 'Credit/Debit Card' 'Mobile Payment App'\n",
      " 'Credit/Debit Card' 'Cash' 'Credit/Debit Card' 'Credit/Debit Card'\n",
      " 'Credit/Debit Card' 'Mobile Payment App' 'Credit/Debit Card' 'Cash'\n",
      " 'Mobile Payment App' 'Cash' 'Cash' 'Mobile Payment App'\n",
      " 'Credit/Debit Card' 'Mobile Payment App' 'Cash' 'Mobile Payment App'\n",
      " 'Cash' 'Mobile Payment App' 'Cash' 'Mobile Payment App'\n",
      " 'Mobile Payment App' 'Mobile Payment App' 'Credit/Debit Card' 'Cash'\n",
      " 'Mobile Payment App' 'Mobile Payment App' 'Credit/Debit Card'\n",
      " 'Mobile Payment App' 'Cash' 'Cash' 'Mobile Payment App'\n",
      " 'Credit/Debit Card' 'Credit/Debit Card' 'Mobile Payment App'\n",
      " 'Mobile Payment App' 'Mobile Payment App' 'Mobile Payment App' 'Cash'\n",
      " 'Credit/Debit Card' 'Credit/Debit Card' 'Cash' 'Mobile Payment App'\n",
      " 'Cash' 'Credit/Debit Card' 'Mobile Payment App' 'Credit/Debit Card'\n",
      " 'Credit/Debit Card' 'Mobile Payment App' 'Mobile Payment App' 'Cash'\n",
      " 'Cash' 'Mobile Payment App' 'Mobile Payment App' 'Cash'\n",
      " 'Mobile Payment App' 'Cash' 'Credit/Debit Card' 'Mobile Payment App'\n",
      " 'Credit/Debit Card' 'Cash' 'Credit/Debit Card' 'Mobile Payment App'\n",
      " 'Mobile Payment App' 'Cash' 'Mobile Payment App' 'Mobile Payment App'\n",
      " 'Mobile Payment App' 'Mobile Payment App' 'Mobile Payment App'\n",
      " 'Mobile Payment App' 'Mobile Payment App' 'Credit/Debit Card'\n",
      " 'Mobile Payment App' 'Mobile Payment App' 'Mobile Payment App'\n",
      " 'Mobile Payment App' 'Credit/Debit Card' 'Mobile Payment App'\n",
      " 'Mobile Payment App' 'Cash' 'Credit/Debit Card' 'Cash'\n",
      " 'Credit/Debit Card' 'Mobile Payment App' 'Cash' 'Cash' 'Cash' 'Cash'\n",
      " 'Credit/Debit Card' 'Credit/Debit Card' 'Mobile Payment App'\n",
      " 'Mobile Payment App' 'Credit/Debit Card' 'Cash' 'Credit/Debit Card'\n",
      " 'Cash' 'Mobile Payment App' 'Credit/Debit Card' 'Mobile Payment App'\n",
      " 'Cash' 'Credit/Debit Card' 'Credit/Debit Card' 'Credit/Debit Card' 'Cash'\n",
      " 'Cash' 'Mobile Payment App' 'Cash' 'Credit/Debit Card'\n",
      " 'Mobile Payment App' 'Mobile Payment App' 'Cash' 'Cash'\n",
      " 'Mobile Payment App' 'Credit/Debit Card']\n"
     ]
    }
   ],
   "source": [
    "# Predict class labels\n",
    "predicted_labels = model.predict(X_test)\n",
    "\n",
    "# Display prediction results\n",
    "print(\"Predicted labels:\")\n",
    "print(predicted_labels)"
   ]
  },
  {
   "cell_type": "code",
   "execution_count": 9,
   "id": "191f4453",
   "metadata": {},
   "outputs": [
    {
     "data": {
